8,29,8
6,63,10
1,24,3
4,1,8
3,89,4
5,86,6
6,97,3
6,44,6
3,24,6
2,8,1
6,4,6
6,2,1
2,78,10
6,45,2
3,28,7
4,36,7
3,66,1
3,66,5
1,42,1
2,61,4
1,96,7
4,89,10
4,38,9
4,58,5
7,15,1
8,46,9
6,76,7
6,13,9
8,13,2
2,80,9
8,59,5
2,88,8
4,6,4
6,11,6
1,52,5
2,15,8
3,81,7
7,65,4
3,59,8
3,32,6
3,26,4
6,96,6
1,63,4
6,56,5
7,12,3
7,31,5
3,89,5
3,14,10
6,89,8
2,81,6
2,18,9
2,58,6
4,6,2
3,81,10
3,19,10
7,80,9
7,27,10
3,57,1
3,22,4
1,95,3
7,20,10
5,5,8
5,40,1
2,85,9
3,93,6
2,94,9
8,13,9
5,84,3
6,17,4
1,52,3
8,83,1
5,59,1
6,67,4
3,75,9
4,51,3
1,1,9
8,55,1
2,89,10
6,70,10
5,68,9
1,44,6
1,71,10
7,20,10
4,38,8
4,22,5
5,4,3
5,76,9
2,49,9
8,1,4
3,36,7
5,81,8
5,51,7
2,83,10
2,42,2
8,35,8
4,15,3
5,70,7
3,19,8
5,4,2
1,48,2
6,35,7
4,38,8
1,57,8
5,72,9
8,12,9
5,51,5
7,22,8
5,80,3
8,22,5
2,95,3
6,28,3
8,15,3
2,14,6
4,89,2
7,11,5
5,31,8
1,92,9
3,32,8
7,15,2
4,98,10
8,51,8
2,26,3
5,72,8
4,58,4
8,73,4
7,36,7
7,15,6
2,83,3
8,49,6
5,9,10
6,5,3
8,41,10
6,2,9
5,96,2
6,82,2
8,5,6
7,44,1
6,36,9
6,99,9
6,83,6
3,66,7
5,39,10
8,96,9
7,93,7
6,96,4
6,36,5
4,62,10
7,43,6
2,28,8
2,51,10
6,57,8
3,74,1
3,7,2
1,39,6
8,56,4
8,89,3
7,98,10
7,72,3
1,18,2
5,43,6
1,75,3
6,79,8
6,63,9
1,44,4
5,38,2
1,53,6
1,84,6
1,29,3
5,65,2
8,2,3
6,56,3
4,37,4
7,7,8
3,13,1
3,19,6
1,48,4
3,46,6
5,69,5
5,18,7
8,62,1
4,77,7
1,26,10
1,12,3
5,25,6
1,37,9
4,67,8
8,64,2
1,50,10
7,82,9
4,48,10
4,66,8
7,44,7
7,17,1
7,41,10
2,24,8
1,47,2
6,37,1
1,73,1
3,70,8
8,20,3
4,1,7
5,84,2
2,12,9
2,40,2
6,90,3
5,41,4
7,73,9
6,24,8
8,79,3
4,36,2
4,16,8
3,31,2
1,30,5
8,36,9
4,84,7
2,77,1
8,77,8
2,83,7
4,1,9
7,16,6
3,55,7
5,1,8
2,98,10
1,93,4
6,8,9
8,10,2
6,89,5
5,16,4
2,28,6
4,52,10
4,94,9
7,39,4
8,7,1
1,84,3
2,51,6
6,48,3
3,35,6
6,18,5
6,28,2
3,78,3
2,86,5
4,53,9
3,75,10
6,76,6
1,42,9
5,51,7
3,76,6
1,10,3
4,72,6
3,47,1
3,45,3
3,54,7
5,63,6
5,1,5
8,17,10
6,58,9
2,43,3
6,67,10
2,63,10
4,100,9
5,57,5
5,68,8
6,57,5
1,98,4
6,33,3
2,10,3
1,62,10
6,81,3
5,67,5
8,16,10
2,93,8
6,87,2
7,54,3
7,17,3
5,29,10
1,95,6
5,39,1
5,69,5
4,39,7
1,4,3
8,32,9
6,32,1
4,42,8
8,52,8
7,10,7
6,45,5
5,81,8
8,29,6
4,69,9
7,18,5
1,94,8
6,53,2
1,37,8
8,8,1
2,88,1
1,28,1
2,98,6
5,39,3
1,21,2
3,82,4
1,48,7
7,94,9
3,92,1
1,53,8
2,24,5
7,79,9
8,83,8
1,54,9
4,8,4
4,56,5
8,2,10
4,24,3
1,46,8
2,9,8
1,50,2
1,88,5
3,9,10
3,31,6
2,37,2
2,35,9
5,78,6
7,53,9
4,29,9
8,55,8
2,21,5
1,28,7
2,12,3
7,78,7
7,94,1
3,7,1
5,71,1
1,37,3
5,24,6
5,37,2
5,18,1
5,22,5
5,59,1
1,43,6
3,59,7
1,43,5
3,20,5
1,19,6
1,1,9
5,47,4
4,21,6
3,14,8
4,48,6
5,13,1
4,91,4
2,62,2
6,5,6
4,5,4
4,98,8
8,28,6
5,49,4
1,2,8
6,24,4
3,27,3
5,91,8
1,23,3
6,83,5
4,36,4
2,3,5
5,63,6
3,29,10
2,46,2
3,14,1
5,20,9
6,68,6
8,46,2
6,20,4
7,18,6
2,35,2
4,58,4
2,84,4
2,46,1
7,54,4
2,89,4
6,55,7
3,87,4
3,83,7
6,36,1
8,84,5
7,86,6
5,47,5
3,19,2
7,57,5
2,34,7
2,11,4
5,16,2
8,69,3
2,97,9
7,18,3
8,51,9
3,21,7
7,41,1
1,72,5
5,10,7
2,45,8
7,89,1
8,76,1
8,47,3
6,17,6
6,99,2
5,24,4
1,87,6
6,92,6
7,82,1
7,8,3
2,14,9
4,13,3
2,19,5
4,34,10
1,99,9
1,88,7
6,16,6
4,39,7
4,41,7
7,33,8
8,59,5
2,60,8
8,41,5
4,36,5
5,56,1
3,22,7
3,56,6
4,74,8
3,32,6
1,75,2
1,81,10
6,21,7
1,79,9
4,7,7
7,9,10
3,58,3
4,48,8
5,29,8
4,3,7
1,55,5
6,72,5
4,64,2
2,99,10
8,58,3
8,26,7
8,43,4
2,19,5
6,44,4
7,97,3
2,26,4
8,21,2
6,60,2
7,27,9
6,95,10
7,77,2
2,62,3
3,66,6
1,81,6
1,63,10
1,5,10
2,16,7
6,28,8
8,72,7
1,88,5
2,2,7
8,73,5
6,96,9
2,44,10
5,46,1
6,2,1
3,66,10
7,41,5
4,73,8
4,61,3
2,94,9
1,27,3
8,27,1
5,69,2
1,63,7
5,61,5
8,37,9
5,51,4
5,44,1
4,69,3
1,91,10
3,10,2
3,93,3
3,86,3
6,45,8
6,26,3
2,27,9
1,55,7
4,9,3
2,26,5
6,2,1
1,40,10
2,4,7
7,11,10
7,42,5
2,69,4
2,97,6
7,47,8
8,87,2
4,87,4
6,78,4
2,90,2
3,92,5
6,10,9
1,75,10
6,3,3
3,91,9
7,72,6
7,43,6
7,86,6
8,88,10
6,44,5
7,43,8
3,91,6
1,59,5
3,45,3
5,99,7
6,69,3
2,2,10
2,82,3
6,63,10
3,91,6
4,96,3
6,4,6
1,18,2
7,70,1
6,94,6
7,98,2
1,40,5
1,65,10
7,87,7
8,9,10
6,79,8
8,66,5
5,31,1
2,11,7
3,6,1
5,18,1
6,5,1
6,90,10
8,95,2
3,48,9
4,82,6
8,70,9
6,57,1
7,5,7
1,15,6
3,9,5
3,68,7
2,7,3
6,69,9
5,25,8
7,93,9
3,77,7
2,6,3
7,36,4
8,6,10
5,58,2
6,17,4
4,88,2
4,46,8
2,40,1
4,8,2
4,23,3
8,76,9
5,26,10
5,81,7
3,73,4
2,90,6
1,28,7
5,58,5
5,45,10
7,46,1
4,28,10
2,8,10
7,51,3
2,49,4
4,77,4
4,47,7
5,100,3
7,43,3
5,71,5
5,30,7
1,44,2
6,61,10
7,94,10
2,46,3
4,9,1
3,17,4
6,13,6
6,72,9
2,7,2
6,15,8
2,36,2
8,28,10
7,24,5
4,44,4
1,51,4
4,99,5
3,35,4
3,74,5
7,94,6
4,44,9
7,37,8
3,27,9
6,22,2
7,84,3
7,48,5
5,59,5
4,74,1
1,20,5
2,89,8
3,2,7
2,61,8
4,85,2
3,41,10
4,32,1
3,23,6
4,37,1
4,4,7
2,81,5
8,89,8
7,69,8
2,99,2
8,31,3
5,77,6
7,99,6
1,29,2
3,17,7
3,1,8
5,60,8
2,11,9
3,39,2
6,48,7
5,55,6
8,9,7
4,2,5
6,22,8
6,69,9
3,94,8
4,10,7
1,83,9
1,54,6
2,48,3
8,8,2
5,92,9
8,7,1
8,87,10
8,99,4
5,44,5
8,32,5
3,57,3
3,60,2
1,15,6
3,95,8
3,54,4
4,97,3
3,98,1
2,68,7
5,82,5
8,68,4
3,26,7
5,28,8
2,14,1
8,5,5
7,58,2
2,32,1
6,67,5
3,67,2
8,63,4
1,56,8
1,36,2
4,79,6
6,48,1
5,90,10
8,95,10
6,66,8
5,96,2
7,1,3
8,11,2
1,56,5
8,57,6
4,71,2
5,34,8
4,91,8
7,73,4
6,92,2
6,55,3
5,81,1
5,1,1
3,25,4
2,81,7
7,10,10
7,38,6
6,79,4
1,50,8
1,83,10
5,56,10
6,87,5
6,81,9
8,90,1
1,22,6
6,13,3
3,10,6
3,71,4
4,12,8
6,58,3
7,85,5
1,35,1
2,11,1
3,32,6
7,69,8
2,49,8
4,29,2
7,74,9
6,59,1
4,57,3
8,73,10
8,100,7
3,71,1
7,78,2
5,89,4
1,92,2
6,22,3
5,72,7
8,67,9
8,88,7
1,63,8
4,24,8
7,32,7
7,33,7
6,48,6
4,25,4
4,90,2
6,64,7
2,97,6
2,53,10
8,48,5
3,34,7
8,51,7
8,52,3
6,41,10
6,82,8
4,32,5
3,32,6
3,86,2
3,83,8
2,60,3
4,83,10
2,97,1
8,53,9
6,100,4
8,27,1
2,86,3
2,32,4
1,25,8
5,17,6
1,57,4
7,14,2
8,77,8
4,67,5
7,92,5
1,48,8
8,60,8
7,43,6
1,84,3
2,33,6
3,32,10
4,48,9
4,57,8
5,11,8
7,95,1
7,97,2
8,94,1
3,98,6
2,15,8
7,94,4
7,76,7
2,11,4
5,35,2
8,65,1
5,73,5
6,55,8
8,75,4
3,12,9
3,83,1
7,23,10
6,28,5
5,45,5
8,61,1
1,74,1
2,97,10
4,35,2
6,77,4
3,54,5
5,79,3
8,17,9
5,17,5
5,86,9
1,11,3
5,63,8
3,90,1
3,76,2
8,20,8
2,83,5
5,89,2
8,80,9
7,55,7
2,11,6
3,14,9
7,73,6
3,74,3
4,85,10
6,3,7
1,18,6
6,36,9
2,86,3
8,66,8
5,69,9
7,57,10
6,90,3
4,73,9
5,35,10
8,29,1
3,41,9
5,83,10
4,26,8
1,42,3
5,16,6
4,51,4
8,76,4
2,58,5
1,39,8
4,81,3
5,16,8
7,7,10
4,53,5
3,4,1
8,52,6
2,23,3
4,73,2
7,25,6
3,24,2
8,26,6
1,87,4
3,58,9
8,53,8
6,34,6
5,68,1
6,70,9
8,30,5
3,66,5
5,86,7
6,79,4
7,47,3
5,65,4
7,64,7
2,85,10
4,17,10
4,75,10
1,42,8
7,15,2
1,53,5
6,56,5
1,41,9
4,38,7
3,49,9
8,8,7
8,78,7
3,38,10
1,15,2
1,93,5
1,14,7
3,10,3
1,15,10
1,41,1
6,9,2
6,32,4
1,38,7
4,79,8
1,82,9
5,67,10
7,7,9
2,15,5
5,34,7
2,54,9
3,12,1
2,5,8
2,59,5
2,25,8
1,11,4
6,48,7
3,59,9
7,13,3
5,54,9
3,81,4
3,5,10
5,31,5
2,68,8
7,92,4
5,96,8
1,1,7
2,61,8
8,1,8
7,53,10
7,11,4
5,61,10
2,66,9
7,65,9
1,43,3
1,27,4
3,100,1
4,54,4
6,64,10
7,93,10
8,36,9
2,5,10
2,7,1
2,59,2
3,84,2
4,91,8
1,59,5
4,77,2
7,99,7
6,46,9
6,2,10
1,57,5
5,7,6
4,80,7
7,62,4
3,91,4
2,75,7
4,16,5
8,24,1
8,50,9
5,85,1
2,27,8
2,93,2
4,81,10
5,99,2
4,73,1
3,38,4
8,61,2
2,24,6
3,30,9
6,13,2
6,92,2
5,34,8
3,99,4
2,17,4
3,60,10
7,56,4
4,45,6
2,17,4
7,4,4
1,79,6
5,46,3
4,46,9
2,20,9
2,94,6
1,26,6
6,33,8
4,46,2
6,12,10
7,87,7
6,61,9
1,62,1
1,47,4
6,45,10
5,73,5
3,84,5
4,14,3
4,49,10
1,99,1
7,9,7
1,11,10
5,61,9
5,15,3
2,11,3
2,55,7
4,81,1
1,59,4
2,20,4
3,19,7
4,48,2
4,34,7
7,52,9
7,88,5
4,12,10
5,45,9
2,77,2
2,99,2
3,19,8
6,38,8
8,48,8
2,72,5
4,24,9
